urban_model/SVF/LIDARCATv02ls12f484646ed02.asc
ncols 667
nrows 668
xllcorner 483999.000000
yllcorner 4645998.000000
cellsize 3.000000
NODATA_value -9999.0
[rows 210 to 239 of 668, columns 132 to 197 of 667]
78.2654 78.3877 78.2226 78.3595 79.9537 78.2648 86.6016 92.4772 92.7526 93.0106 93.3261 97.2259 96.8617 97.2517 91.3753 95.1566 94.6047 94.2943 85.2293 78.3904 74.8700 82.0891 89.7718 92.5949 92.5249 96.1786 92.7166 93.3107 89.8568 78.4805 80.1182 74.9235 76.5744 74.3102 74.9637 78.7167 79.8053 92.5503 93.2014 94.5872 95.4353 95.7133 93.2025 88.1048 75.4962 74.3661 74.4673 74.3423 90.2671 80.2817 73.6038 73.8040 101.1514 101.2935 102.6662 103.4662 103.6028 102.8434 101.5367 100.8714 97.8324 89.2757 74.4738 84.3184 84.5834 75.6213
78.2562 78.2618 78.3229 78.3269 79.0900 87.5396 92.6960 92.9894 93.8338 95.2272 93.8319 93.6220 95.4003 95.6869 95.3965 94.9139 94.3120 91.4295 81.7617 86.9925 78.4039 75.7888 89.7215 89.8856 92.6528 93.2335 93.0559 90.5443 90.6237 79.4393 78.6020 74.4579 74.3894 76.4581 79.0392 79.3125 79.5510 92.2147 92.7993 94.2627 94.9341 95.7159 93.5874 93.8854 77.4223 74.3129 74.3646 75.8728 80.7378 78.4377 73.7869 87.3010 101.0571 101.1406 101.1336 103.5607 103.6219 102.9041 101.4635 100.7972 97.9243 74.3863 74.4085 74.3561 78.0036 76.8138
78.3137 78.3134 78.7300 78.3966 81.6791 92.9179 93.2537 95.2238 95.3011 95.4810 93.4262 93.1382 94.7286 94.4269 94.6691 94.3841 91.5905 86.5718 87.8937 87.5943 85.0731 79.9911 89.4696 93.2549 92.2184 93.0884 93.7916 92.8048 90.5935 81.6792 79.3828 80.1822 78.8206 79.2947 79.4050 79.5182 79.6674 85.8365 92.5506 93.2655 93.9412 95.3829 95.3065 94.7774 94.2236 74.8068 74.3395 74.7801 79.5605 76.1338 73.9493 93.6350 101.0247 101.8384 101.0246 102.2867 102.5730 101.8859 101.0720 100.9285 98.0092 74.4586 74.3821 74.2842 74.4178 80.7999
78.3926 78.9979 82.9635 86.6669 87.6154 90.5937 93.8298 93.9288 94.2983 93.7379 92.8055 92.5695 91.8348 91.2667 94.3461 85.9787 87.8685 87.6726 78.6395 84.3410 85.3451 84.4938 81.9258 75.6222 91.8067 92.5987 93.4373 92.8130 91.9405 90.8639 78.6336 79.3164 79.4280 79.5903 79.7686 79.6702 79.6061 79.5490 91.0259 94.7667 95.6272 96.1405 96.0474 95.5943 94.4282 90.0029 75.1760 74.3799 74.2793 74.2315 74.2039 100.8510 100.8602 100.9566 101.0084 102.7142 103.2048 101.7395 100.8977 101.1279 92.4214 74.2547 79.6193 77.5787 74.3390 81.6374
85.7426 86.9928 87.6120 88.0763 88.2866 88.7183 93.3416 93.2105 92.9509 92.5025 92.3712 90.6041 81.8807 79.1783 75.4688 74.3480 85.8962 87.6591 79.8493 90.6686 79.0525 85.5153 84.3527 84.4008 91.4078 92.2337 94.0408 93.2651 93.4714 93.3382 83.9303 79.0122 79.6108 79.7575 79.7155 79.5517 79.4398 79.2493 79.5324 94.8719 95.3673 97.3271 97.2057 96.0669 94.9134 91.5457 75.0143 74.2981 74.2708 74.3041 76.9902 101.8079 100.9579 100.8472 101.0417 103.5010 103.0966 102.2548 100.9093 99.0616 75.2596 77.1749 74.7918 77.2952 74.6645 82.9352
87.4881 87.9136 88.2951 89.1189 89.3615 89.1214 89.5096 92.5974 92.4562 91.0782 91.4696 78.5788 75.2538 74.4635 74.4408 75.3843 87.3252 92.3476 92.2404 92.0777 89.6507 84.4800 87.1543 87.3493 89.6301 91.7097 92.5920 94.1943 94.2754 93.6983 93.0249 81.0574 79.8463 79.6193 79.4266 79.3064 77.9725 76.8784 77.4626 92.9140 95.0365 97.3990 96.0550 95.6624 95.2509 94.8203 74.2839 74.2800 74.2801 74.3746 93.6627 101.2655 101.7791 102.5574 103.6887 103.6332 102.9100 102.0923 101.2453 89.6580 74.3897 74.3220 82.8707 82.7066 81.1339 82.0265
88.1633 88.5461 88.8751 89.0101 88.6627 88.3819 88.0717 91.4964 86.5642 75.3761 75.6151 74.6593 74.2518 74.8005 80.1406 88.5340 92.0096 93.8217 95.2833 95.1223 92.1895 75.9638 74.2693 87.3014 82.1295 92.7744 93.6160 94.1629 95.2158 94.8334 93.3568 92.8446 81.7318 79.2680 78.9364 77.5467 77.7925 77.3621 77.3706 87.7438 94.8201 95.2913 95.7606 96.3465 95.8124 95.1434 85.2359 81.5906 74.2620 74.2887 74.7581 99.8424 100.9453 101.8421 105.1410 102.7547 103.1052 101.8115 101.0815 77.5996 74.2903 79.6525 83.0449 74.3226 81.9268 82.0527
88.7800 89.3805 88.7243 88.4187 88.0136 87.7750 87.3638 87.2048 79.9188 74.5742 74.3967 74.5017 74.3502 75.6250 91.5251 94.5205 95.2333 95.7288 95.9701 95.4070 92.9935 92.3643 74.2817 75.5608 74.1831 83.9536 93.2618 95.6233 95.3844 94.8129 93.8078 93.1933 79.3050 77.5177 77.8240 77.9102 78.1115 78.2509 78.4430 78.2737 87.3839 95.3248 94.9147 96.9843 98.6022 97.0074 94.9490 87.3169 74.3444 74.3482 74.2515 96.4996 98.9071 101.2935 101.4327 101.7957 101.6964 101.4245 100.8978 75.8906 74.3434 84.9509 85.4223 74.9515 81.3673 81.7050
88.8492 88.8384 88.2424 87.7325 87.3494 86.8405 81.9476 74.6125 74.5662 75.1175 75.3439 75.9793 85.8895 91.6846 95.1630 95.6794 96.3718 98.3654 97.7537 92.1244 95.1615 92.8739 86.4883 74.4252 74.3021 87.6602 92.9960 94.1783 94.1458 94.6676 95.0131 94.7943 92.7963 77.4295 78.0934 78.3783 78.5186 78.4601 78.3247 78.0793 79.2642 91.6263 94.9047 94.9049 98.6029 98.6331 95.2414 92.2605 88.6635 74.2626 74.3345 74.2989 97.7620 97.7812 101.3155 102.0255 101.3590 101.0735 89.5663 74.6207 74.3001 80.8945 85.0668 74.4549 79.6386 80.7901
88.1364 87.8619 87.4809 82.8089 76.3506 74.7037 74.6031 74.6132 74.5711 84.3980 89.8372 89.6726 93.1888 92.1541 92.6371 96.8859 98.4298 98.3898 97.1220 96.2322 95.4634 94.4937 93.4110 75.2003 74.2124 75.6016 81.9863 93.2078 94.4404 95.7636 95.6739 94.7216 94.6019 89.5326 78.4241 78.5168 78.3608 78.1432 77.9945 77.8731 77.5322 78.4634 80.2954 94.9542 97.6558 96.8823 95.5758 95.0102 92.1519 74.3358 74.3588 74.4784 92.8262 99.7323 101.3415 101.5500 101.1582 97.7268 82.7509 74.4310 86.4103 77.8750 74.8936 74.4136 75.9201 77.7329
87.4196 86.0894 79.0899 75.9552 74.7589 74.6636 74.6300 83.2789 89.7595 90.1307 92.6310 92.9546 93.2917 93.1348 94.9274 95.8273 95.9695 96.5581 97.0596 96.4547 96.0657 95.1238 93.8057 79.6698 75.2903 75.1963 74.1771 94.4417 94.9530 95.4918 96.3349 97.8205 94.8261 94.3898 79.1817 78.1853 78.0197 77.8240 77.6470 77.7864 77.1571 79.9458 94.6836 94.8928 94.9097 89.0825 95.9246 95.2705 92.2839 92.6138 74.4343 74.3813 75.4390 75.1697 80.1052 93.2545 100.8300 97.7231 74.3819 81.4695 88.7437 88.6010 74.4304 74.3983 74.6338 74.4997
77.8190 75.0125 74.7929 74.7956 74.7210 89.2205 89.6400 90.2226 92.1516 92.8378 94.8562 88.4780 87.5187 93.9648 94.4498 94.9398 95.6838 84.3877 96.8556 96.8978 97.0410 95.5949 94.2742 91.9405 74.9319 74.2649 74.2678 91.5258 94.6329 95.1802 97.2342 97.2285 95.8535 94.6262 88.6172 77.8263 77.6673 78.2713 79.5824 87.5387 91.3843 91.7640 94.9583 94.8761 94.8867 95.9638 95.9651 95.0849 94.4931 81.9712 74.4403 74.7692 74.3577 75.2434 75.5782 74.4065 74.4608 94.5180 74.3925 75.9356 88.7844 79.2229 83.7941 73.1088 73.1383 73.0329
74.9731 74.8748 74.7360 77.6375 83.6388 90.6449 92.5444 92.8436 92.6220 89.5994 95.9825 95.5179 93.7324 93.3130 94.1964 92.0806 81.6401 85.6633 95.7020 96.4135 98.2838 98.1916 95.1515 91.8862 91.9162 74.2814 74.3032 74.7805 94.1130 94.9552 95.4337 95.7008 95.4062 94.9815 94.4613 77.5985 79.5710 85.8014 91.4543 91.8054 92.0239 92.3618 87.8416 94.2284 96.0846 95.7823 95.5907 95.5624 94.5017 75.1315 74.4311 74.4612 74.3625 74.4582 74.4628 74.4308 74.4650 74.4828 74.3699 74.3039 83.3067 74.3614 77.2138 74.5736 75.7270 75.3987
75.1979 76.5699 79.7783 79.3078 91.6840 93.0767 93.5344 93.5085 95.6021 94.0750 93.7865 93.4182 93.0447 92.6872 92.0818 78.8850 78.9140 83.3126 95.3116 96.3217 97.4059 98.1417 95.5750 94.8277 93.6010 74.2263 74.2771 75.8123 85.9619 91.2666 95.0477 94.1717 95.8403 95.2726 94.6853 84.0005 88.4727 91.6928 92.0460 92.5102 93.0546 93.1293 93.1641 95.8398 96.8417 95.1839 94.2763 92.3368 83.1143 74.3944 74.4114 74.4260 74.3349 76.3264 74.3609 74.7401 74.3572 74.3594 74.3545 77.8939 79.9357 80.3626 81.3080 81.2374 79.1397 78.6218
85.4477 90.6112 90.6175 91.4239 93.1048 93.5068 95.8292 96.0354 93.9849 93.6439 93.0869 92.7682 92.1247 86.2645 79.8382 78.9804 79.2008 78.4847 91.0343 95.6754 96.4881 97.1226 96.9001 95.3203 92.0943 88.6516 74.2910 74.2539 74.6289 91.2777 91.4766 95.4525 95.9386 95.4444 94.9237 94.4436 94.6516 92.2509 92.5646 95.3075 94.6144 93.3881 92.7603 94.8150 93.4022 92.2341 92.3416 84.3122 74.3268 74.4474 74.3355 75.0037 74.4181 74.3290 75.2375 74.4118 74.3703 74.3303 74.3700 80.3527 87.1472 84.3116 81.5095 81.7250 81.7458 81.4670
90.4719 90.5178 94.0529 92.1431 95.1699 94.1705 95.9469 94.7878 93.3799 92.9890 92.4608 79.9465 80.2792 79.8558 79.5607 79.1526 79.7297 79.5498 86.8964 95.1890 95.9976 96.5954 96.1728 91.4603 90.6812 84.0616 75.8793 74.2441 75.4586 84.3564 93.3070 94.9882 95.7965 96.2116 96.3376 94.9541 95.8189 95.5727 93.2181 94.0058 94.1398 92.3574 92.0222 91.1245 92.7880 82.2681 74.3944 74.3373 74.6236 75.6096 84.0291 88.3601 87.6476 77.6247 79.3514 74.2836 74.4066 74.2426 74.3280 74.2753 79.3175 76.5447 79.0215 80.1204 81.0991 81.4535
91.8525 94.1561 94.1477 92.4911 92.7650 93.7032 93.3427 94.2610 92.7210 87.4600 78.7217 79.2114 79.6892 80.0028 79.7251 79.3591 79.0918 79.2520 78.2133 86.1680 92.5297 91.1350 91.9468 91.9525 93.4705 93.6009 80.3267 74.7965 74.2827 74.2912 84.8495 94.8576 95.4046 98.0289 97.7666 97.4763 95.8931 95.4443 92.6923 92.5072 92.2905 90.2072 89.4819 82.5689 74.8979 74.3084 74.2518 74.7044 85.7784 95.4900 95.8445 97.5126 95.7615 95.8925 95.8433 88.3672 74.2364 74.3170 74.3314 74.2787 74.1879 75.3450 77.1321 77.5355 74.2019 80.9168
93.8965 92.5813 81.8333 91.5058 91.5637 94.6819 92.7399 92.1288 83.9943 78.7565 78.7285 79.0463 79.3854 79.8197 79.9280 79.5927 79.1435 78.8811 78.5693 82.6895 90.0170 90.7686 87.7848 92.4307 93.1218 90.8053 86.6838 74.1862 74.3444 75.2219 82.8232 94.5918 95.1460 96.7188 96.4420 95.6111 95.3404 95.0098 94.2307 91.8988 91.7711 81.3967 76.4628 74.2709 74.2857 74.5793 75.7372 88.8208 95.6814 95.8464 96.4055 98.3304 95.8618 95.9175 95.8785 92.3625 74.3292 74.3627 85.9527 85.8197 78.2225 74.1387 74.1782 75.0466 74.4587 75.7309
93.4548 91.9908 91.7366 91.4623 91.0803 90.7159 85.7550 79.0346 79.1606 78.9896 78.8693 78.7699 79.3419 79.6086 79.9326 79.7724 79.2493 78.0226 78.0711 78.1042 82.8991 78.3784 87.8937 91.9482 91.9595 91.2098 90.4431 75.3899 74.2284 76.1146 85.3359 92.6863 94.9560 95.4142 95.5783 95.0330 94.8231 94.6376 94.3417 89.4733 75.2477 74.4704 74.1365 74.2830 75.2454 84.9927 95.1290 95.8513 95.9448 95.8219 98.7019 98.5509 97.1565 96.3561 96.9865 82.2606 74.3316 74.3736 82.4559 82.8464 80.8106 80.7689 74.1152 74.0629 74.0480 74.0478
93.4654 91.3575 91.1482 90.7661 89.2162 79.6644 79.0507 78.8068 78.9690 79.1270 78.9174 78.7919 79.0501 79.3906 79.7831 79.5050 79.3375 78.1270 78.0961 78.0557 78.0453 89.9969 90.7313 91.6221 92.2358 91.6778 90.8749 82.9179 74.3816 86.9258 86.5793 84.8191 91.3327 94.8850 94.9683 94.8459 92.1446 92.9561 81.1194 74.1282 74.1877 74.2376 81.6651 89.2496 89.9552 95.7376 95.7912 95.8418 97.4427 95.8554 95.8328 95.4117 95.8667 95.7854 95.9333 85.5958 74.3107 74.3180 74.2416 75.9474 81.1154 81.6087 81.1951 79.0435 77.6784 78.7351
93.9030 87.7849 89.7087 84.0312 78.8025 78.4683 79.6342 78.7423 78.8631 79.1217 79.0947 78.9329 78.8466 79.5069 79.6265 79.7584 79.9386 78.1070 78.1117 77.9791 78.0731 81.2430 90.3834 90.8858 91.6954 92.5099 93.6262 90.4828 78.6239 86.6500 85.7968 85.9001 91.6958 91.4679 91.2635 88.3712 80.4328 76.3131 74.1566 74.2027 78.1460 89.1896 89.0635 89.2261 92.9585 96.0426 95.9115 96.2324 95.9289 84.3606 79.4004 93.9030 95.7972 96.0755 95.8941 83.1379 74.3494 74.3730 74.3473 75.9686 80.9320 81.0627 81.3034 81.5226 81.5980 81.1547
93.7719 93.4103 92.4713 91.7599 85.1678 78.4681 79.4478 78.8460 78.8058 78.9958 79.3642 79.5391 79.6698 79.7912 79.8894 79.8580 79.6807 79.2941 78.0620 78.0778 78.1368 87.0012 87.4255 90.6654 91.1592 93.1277 92.8553 92.1155 89.0755 83.5876 87.0793 86.1606 83.4341 91.3517 88.7672 88.5945 88.0262 84.5961 74.0992 85.2685 90.2599 91.4223 91.9802 92.1714 92.6218 94.2147 93.8012 93.4858 77.2943 78.7698 98.3509 88.2125 96.3801 96.2899 90.0021 75.3886 74.3749 82.2192 82.2387 77.7555 78.9564 80.6901 77.4233 77.4593 80.4791 80.7702
93.0172 93.6322 92.9849 92.2512 80.4189 78.9508 78.3858 79.6856 78.7455 78.1601 79.5605 79.7803 79.9452 79.9204 79.7702 79.6645 79.4441 79.4993 78.5556 86.9446 81.7123 83.1251 88.1324 91.2693 91.9117 92.3619 92.8788 91.6863 90.6811 80.6407 85.8271 79.0537 85.9995 87.9209 87.5848 88.7107 85.1261 78.9377 84.2215 92.3797 91.5004 92.1782 92.5465 93.9190 93.3883 93.5104 93.0862 83.9642 83.7774 94.8773 101.3027 102.2151 101.3328 100.3038 91.5137 74.3469 74.3532 74.2753 74.3296 75.1794 76.7424 76.5644 76.1598 76.9090 76.5551 76.6520
92.5629 93.3669 93.4634 92.6862 91.8217 79.1706 78.5177 79.4387 78.2510 75.9133 79.7707 79.9372 79.8840 79.6384 79.5428 78.9366 79.7555 87.4542 92.0637 87.6751 86.9683 79.2523 88.8716 89.3238 92.3407 91.7060 91.2544 90.8489 90.5511 89.9353 85.2193 80.7047 81.1147 86.6038 76.7469 86.7421 92.1544 92.0343 94.7715 94.6577 85.1687 92.8998 93.3442 95.1092 93.9858 92.7226 92.2536 91.9013 80.3450 100.6275 101.4944 102.7062 101.0378 99.5896 94.7125 74.3297 74.3424 74.3614 74.2780 73.6597 73.3651 73.6784 73.2381 74.9283 73.2184 73.6247
92.1677 92.9057 94.3467 93.1740 92.1450 91.2836 75.8233 75.8160 76.5781 75.8459 78.1856 79.6451 79.5708 79.7868 77.9369 90.6776 92.1704 92.5544 92.8526 88.3804 88.7913 89.1841 89.3954 88.8710 89.3505 90.9782 90.4310 75.1626 82.8213 79.0970 87.3496 85.1640 77.9167 81.7438 79.1727 92.3773 93.6033 94.9552 95.8594 93.3899 92.1187 93.7295 93.2606 92.8403 89.7962 91.9441 79.7167 77.3986 98.3309 100.7571 102.2382 103.7725 102.3805 98.3940 83.1786 74.3465 74.2377 77.0421 74.2641 73.2587 73.8809 73.2246 73.2701 73.1685 75.6884 73.1038
91.7024 92.4253 93.4888 93.4905 92.4706 91.5967 78.1647 75.8145 76.7517 77.0812 77.2547 79.5406 82.2921 86.4433 91.9722 92.5443 92.8571 95.7005 93.5660 93.7345 89.2590 88.9713 90.1676 88.0928 87.9175 90.1723 77.3968 86.3906 87.6112 86.8833 86.1455 85.3619 81.0997 84.0467 83.9655 92.0033 94.0938 96.7166 97.7199 97.1688 95.4097 94.9369 92.4783 92.1058 90.6130 77.4151 77.4321 77.3038 100.1897 100.9901 102.5681 103.7024 101.1289 98.1776 81.0542 74.2538 74.1535 74.2510 74.3206 73.1144 73.1719 73.1701 73.2420 74.1436 74.9609 73.1114
79.3189 92.0616 92.9333 93.7036 93.0798 92.1853 85.7211 78.2659 75.7842 75.9544 76.1532 75.8132 91.9658 92.4429 92.7746 93.1604 93.5429 95.8532 94.6546 92.9752 88.6209 88.2433 89.4009 87.4907 80.3101 77.8751 74.2023 77.5846 81.6811 87.7830 86.2774 85.5139 85.5412 86.0700 84.8754 89.5572 92.2425 94.9346 95.6042 95.3768 95.2715 95.6514 92.1080 77.3809 77.4180 77.4670 77.3267 77.2927 100.2807 101.2665 102.2204 101.4333 100.4187 96.8708 74.5092 74.3137 88.1918 88.3616 78.3199 76.9849 73.4789 73.1814 73.5852 73.9005 73.1000 74.9397
75.4265 91.5804 92.4119 93.2831 92.9518 84.3215 91.7717 90.9321 77.9303 77.3395 80.4356 88.4029 90.4141 93.2952 95.5646 94.5103 93.5142 93.1980 92.9323 92.4243 91.8871 87.5380 82.6245 86.9110 74.2455 74.3965 74.2317 74.1885 83.0441 81.7516 86.6479 85.7005 86.1508 84.7808 84.7084 83.1130 92.0368 93.8613 95.1776 95.7065 95.9235 95.8215 95.0824 77.2997 77.3298 77.4257 77.3928 93.3931 100.6522 101.4643 102.1444 101.1427 100.3548 96.4786 74.2903 77.5573 87.4748 87.0683 77.5845 77.3683 75.8627 75.7270 74.8641 73.5684 74.6024 75.8442
75.4034 82.2648 91.8893 93.1131 93.6729 93.1588 92.2777 91.3262 86.9464 88.3824 88.7706 89.2717 89.7985 93.6119 95.2250 93.8632 92.8095 92.5186 92.2368 89.7136 77.8891 87.0340 74.2313 74.2760 74.1731 74.7879 75.1731 81.5974 89.5161 87.0785 87.4479 87.0800 86.2587 84.7567 85.0063 83.7432 80.6091 91.1459 95.5057 95.6565 96.4715 96.2752 95.5031 86.3637 77.3363 77.4523 77.4289 97.3806 100.7284 101.7295 101.9739 100.8925 97.6892 86.4313 74.2966 74.3100 86.7656 86.3793 77.7115 77.2200 73.8604 76.3394 76.4264 75.2381 73.8584 72.9983
74.8404 84.2430 91.3852 92.3188 93.2425 93.5646 92.8243 88.5381 87.5906 89.2685 89.7703 89.0960 90.7288 93.2250 92.7933 92.5529 92.2225 89.5460 89.3634 83.0149 74.3898 74.3574 74.3022 74.8276 75.6314 81.1107 90.3058 89.9251 89.8562 88.2145 88.1673 87.5120 86.7203 86.2639 80.4365 74.1754 75.1613 88.7265 93.5992 95.1645 97.5673 97.6791 95.9722 95.1734 77.4571 77.3855 77.4052 94.3482 100.9008 101.9972 103.0817 100.7375 97.7371 75.5354 74.2802 86.2337 85.7747 78.8051 77.9696 79.7850 78.1346 75.0163 75.1989 72.9278 73.0582 73.1372
