urban_model/SVF/LIDARCATv02ls12f484646ed02.asc
ncols 667
nrows 668
xllcorner 483999.000000
yllcorner 4645998.000000
cellsize 3.000000
NODATA_value -9999.0
[rows 360 to 389 of 668, columns 198 to 263 of 667]
75.9391 75.8310 83.0308 84.7032 76.2087 78.3188 78.1986 74.8096 74.7568 74.6814 74.5917 74.6054 74.5553 74.6373 80.0201 80.0751 79.9055 80.0779 80.0698 80.1190 80.0320 80.1451 75.8283 75.1561 75.0674 75.1403 75.2148 80.2786 75.2068 77.7734 82.9795 90.9255 90.7567 90.7034 90.6717 83.1454 75.1598 76.7195 78.6000 76.5143 75.6134 75.1044 78.9490 75.7819 77.8917 80.2606 81.5563 77.7561 75.2615 75.2891 78.3816 76.9910 75.1332 75.1402 75.2480 92.4300 94.5322 89.7453 92.1628 91.7320 91.3536 89.1283 78.2850 76.1268 78.5910 84.9921
75.8925 75.8537 75.7013 77.9850 76.5194 77.4373 76.0123 74.7961 74.6794 74.7386 74.5571 74.5182 74.6846 74.7022 80.0294 80.1053 80.0031 80.0766 80.1164 80.0628 80.1358 80.0802 75.1518 75.0946 75.0555 75.1589 78.9586 81.4693 75.2039 77.7129 89.2075 90.6296 90.6362 90.6466 89.0278 83.8936 83.6868 83.5284 88.5277 86.7232 80.4938 75.2569 76.4384 75.6046 75.1021 77.6376 81.0790 77.0416 76.0742 76.0016 76.4716 75.3136 75.0950 75.2105 75.3144 79.9976 89.3839 91.5688 95.2430 93.0797 89.9832 75.3002 78.6871 77.1261 79.4976 91.1055
77.4340 75.7791 75.6240 75.3906 81.1193 74.9321 74.8595 74.7157 74.7283 74.6403 74.5475 74.6599 74.6578 74.9090 80.1295 80.0103 80.0720 80.0338 80.0972 80.0148 80.1440 76.1394 79.6876 75.0508 76.2757 78.5020 78.6476 75.5212 75.2169 83.0692 84.0380 90.6184 90.6236 90.7463 84.0304 84.5648 84.3287 84.1309 91.8262 85.2076 92.1505 91.9776 75.8704 75.2556 75.1755 76.2784 76.2016 76.3742 75.2218 75.2790 76.6852 75.4258 75.3066 75.3477 75.3023 92.0774 91.5894 95.2887 85.6646 93.6989 91.0076 75.4344 79.0041 77.9551 76.8718 79.5080
75.9636 75.7793 75.6696 75.4213 75.1330 74.9197 74.8525 74.7309 74.6817 74.5880 74.4635 74.5597 74.5697 74.6054 80.0922 79.9423 80.0647 79.9843 80.0832 79.9814 80.0833 79.6119 80.5697 75.0475 78.0567 80.8323 75.3140 75.1961 77.2485 75.3782 91.0377 90.5657 90.8757 90.9033 85.6326 85.2476 85.0771 84.9632 92.4838 93.2124 92.2507 92.6884 92.5033 92.3254 92.1108 89.4658 91.5307 84.6836 81.7342 77.3944 75.1413 75.2007 75.7485 75.2809 75.3554 94.0390 94.0474 94.2741 93.4752 91.9914 89.3448 75.4520 83.4696 84.6990 75.6967 76.5116
76.1080 75.8322 75.7044 75.4128 75.2552 75.0315 74.9067 74.7684 74.6447 74.4876 74.3687 74.3809 74.3366 80.1401 80.0782 79.8559 80.0547 80.1835 80.0621 80.0654 80.1388 75.0348 74.9845 75.0610 75.0259 75.8019 75.2398 75.2120 76.2697 79.1969 90.6533 90.5961 90.6409 88.2999 85.9903 85.9856 85.7336 80.2015 94.0736 93.8734 93.6401 93.5115 93.2723 92.4812 92.8110 92.7192 90.7215 83.1565 84.8112 76.4283 81.4900 75.1844 78.1189 76.6928 77.9786 94.0833 91.9809 89.8979 93.3610 86.9965 79.3910 86.4680 91.2614 92.0379 81.1374 80.4618
76.0458 75.8874 75.7310 75.5447 75.3103 75.1097 74.9844 74.7756 74.6539 74.5068 74.3296 74.1761 74.7988 76.9406 80.0920 80.0315 80.0051 80.1362 79.9836 80.1072 76.2135 75.0202 74.9618 75.0557 75.1469 79.2880 75.5630 75.5470 80.2680 80.7820 90.6712 90.6202 90.7477 87.5436 84.9852 85.1909 85.4677 88.6148 94.5828 94.5990 94.4377 91.8572 93.9520 93.7220 93.6195 93.4943 89.3491 84.2924 76.3158 84.4756 77.5112 77.0627 77.1636 75.5615 85.5856 92.7638 95.1610 93.6579 92.0762 91.7210 76.9535 87.7385 91.7212 91.3841 90.2145 81.4812
76.1021 76.0354 75.8233 75.5358 75.4051 75.1854 75.0661 74.8592 74.6233 74.4984 74.3262 74.1946 74.0450 80.1260 80.0075 80.1079 79.9680 80.0898 79.9855 80.0778 79.9749 75.0255 75.1282 77.9048 77.9650 81.5036 80.1184 80.3196 75.2443 89.2615 90.6507 90.5559 90.7377 84.1317 84.3672 84.4894 84.7772 91.9838 93.9372 94.1669 94.3684 94.5311 94.6092 94.4441 94.2641 92.3656 78.0517 82.7211 75.7842 85.1733 75.7079 75.7296 75.4376 75.3156 91.1244 93.2453 87.6630 77.2393 86.5379 85.4280 75.4268 77.7014 89.2629 89.0942 85.7226 80.2393
76.0418 75.9667 75.8502 75.6177 75.5061 75.2267 75.0347 74.9021 74.7215 74.4947 74.3848 74.1791 75.2654 80.0245 79.8996 80.1034 80.0185 80.1628 80.0191 80.1262 75.1171 74.0300 78.6991 79.8391 74.4474 79.4407 79.6449 79.5362 75.1260 81.1598 78.6284 85.9025 90.5399 83.4139 83.6126 83.8402 87.9890 92.5754 93.2160 93.4184 93.6583 93.9697 94.1122 94.3081 94.4750 91.8521 81.3129 80.1549 84.3574 83.3096 78.1380 75.4277 75.4723 75.4270 88.8712 91.9734 91.8606 91.0648 80.6840 75.9562 76.1296 79.1296 78.3382 78.4023 75.8882 75.7823
76.0398 76.0021 75.7484 75.6232 75.4486 75.1505 74.9972 74.9591 74.7475 74.5516 74.3520 74.1800 76.7201 80.0942 79.9517 80.0512 80.1356 80.1122 80.0540 76.5044 73.8253 74.3971 75.7934 75.3523 75.8065 74.2892 74.5878 75.3354 79.2977 77.9213 84.4004 79.8957 77.0570 79.8996 82.9538 83.1370 90.5534 92.2161 92.6031 92.7284 92.8804 93.1739 93.3080 93.6023 95.1218 86.6815 82.1853 79.7989 78.4800 75.5018 77.2522 76.8811 75.4501 88.9635 93.5949 94.0524 88.6425 85.9064 75.7114 76.0891 77.6146 79.0560 78.8232 75.8468 75.8770 75.8069
76.0845 75.8944 75.7862 75.5735 75.4178 75.2078 75.1857 75.0243 74.8529 74.6199 74.4389 74.2177 80.0694 80.0456 80.0695 79.9811 80.0940 79.9763 80.1007 73.8038 73.8937 73.8322 73.9900 74.0781 74.0711 74.1963 74.2256 74.3992 78.5754 83.2868 83.0746 80.8274 77.3241 81.9757 77.7323 83.9030 84.2018 91.0827 91.6602 88.3129 92.1834 92.2446 92.7559 92.8512 92.3325 91.4530 83.2513 76.1776 81.1742 75.4291 75.3934 75.4689 75.5913 91.3425 93.5984 91.0264 92.5407 91.8455 80.3307 75.5381 79.3553 79.0509 75.9031 75.9192 75.9445 75.8462
76.0975 75.9546 75.7606 75.6507 75.3908 75.3315 78.6834 78.9976 82.8169 76.0128 79.3220 78.3556 80.0122 79.9337 80.0763 79.9810 80.1027 79.8848 80.0174 73.8346 73.9539 74.0329 74.3882 73.9792 74.0888 74.1845 74.2948 74.3583 74.4297 76.7914 82.1960 77.7071 79.1629 79.7850 83.1965 80.0452 80.7752 82.9276 81.9891 84.0654 80.2415 85.5824 91.9110 90.0540 91.8950 76.4563 81.8666 77.3693 75.7950 76.1282 75.5301 82.2598 90.9319 92.8194 80.4101 93.1229 91.3706 93.8138 81.4652 76.6757 79.4310 78.7198 75.8790 75.9797 78.5183 75.9192
76.0774 76.0000 75.8305 75.6709 75.4729 75.5043 78.0937 83.3244 84.2567 84.2848 79.3763 79.8302 79.9490 80.0103 80.0436 80.0031 80.0270 80.1103 80.0637 74.0645 73.9485 74.0596 74.1484 74.1331 74.1949 74.2500 74.3146 74.4530 74.5111 74.4426 79.2131 76.1318 75.5495 74.8031 82.9080 83.7013 84.1927 82.4681 80.4217 83.5739 81.8103 79.5664 79.1369 87.7471 87.3664 83.8111 81.6391 80.0238 78.0855 75.3886 75.5916 75.6810 90.8117 93.9012 89.3180 94.8120 94.3350 90.4547 75.7468 78.6103 79.2280 79.2402 75.9999 83.3325 80.8124 75.9285
76.4167 76.7975 75.7549 76.2555 75.9233 75.7281 81.4707 84.2924 86.4395 80.8326 77.4203 80.0019 80.0390 80.0386 79.9978 80.0325 79.9425 80.0652 80.1025 74.0433 74.1351 74.2101 74.1855 74.1233 74.2182 74.2542 74.4603 74.4723 74.5221 74.5792 74.6626 74.7837 74.8182 74.8526 74.8943 74.9106 81.8901 80.4023 81.6145 81.7028 76.2958 81.4043 85.4870 83.2673 78.6940 75.6655 77.5847 85.0649 82.3590 75.3883 75.5811 82.4610 93.5601 89.6879 91.9737 93.4405 90.1326 84.7677 75.5761 79.3819 79.0741 77.4752 75.9572 81.4926 77.1443 76.0974
76.2878 76.5241 75.7947 77.5135 75.6075 77.0364 81.1890 84.9869 85.9719 86.3752 80.0540 80.0215 79.9702 80.0322 80.1084 80.1525 80.0206 80.0326 80.1549 74.2294 74.2378 74.2117 74.3048 74.3837 74.4136 74.4465 74.4299 74.5665 74.5367 74.6955 74.7622 74.7857 74.8528 74.9220 74.9600 75.0128 74.9946 74.9635 75.0427 79.6304 78.7916 79.1470 80.3414 82.6443 75.6345 75.6837 75.9051 81.1249 76.7215 75.4781 75.5435 93.6688 93.5330 90.5451 88.6225 94.1258 94.4954 83.4183 78.0511 78.8734 78.6301 77.7588 75.9418 80.4820 76.7110 75.9194
77.1578 75.8865 75.8904 75.7097 81.3575 82.7046 86.0646 79.5934 86.7623 88.1186 79.8246 80.0772 80.0254 80.0767 80.1677 80.1453 80.1177 80.0179 79.4095 80.8404 74.4504 74.3116 74.4228 74.4138 74.5033 74.5778 74.6657 74.7381 74.7808 74.8361 74.8620 74.7729 74.8644 74.8954 74.9308 75.0254 75.0483 75.0537 75.1700 75.1655 75.2220 75.1994 81.6670 82.1131 75.4144 75.6405 75.6461 75.6161 75.3864 75.6424 86.2638 93.3213 94.1755 93.8753 95.0416 90.7794 92.3766 75.7144 75.9918 79.2518 78.2448 75.9506 75.9774 75.9936 76.0188 75.9670
76.4822 75.9792 76.6310 77.0181 83.8359 86.1650 84.8814 81.4085 90.3220 88.0955 80.0728 80.0559 80.0620 79.9977 80.1084 80.1367 80.0682 80.0390 87.2047 78.7762 77.5036 74.3958 75.7365 75.7629 79.2622 74.8187 75.4843 74.9450 74.8838 74.8263 74.9515 74.9281 74.9584 75.0198 75.0051 75.0746 75.1530 75.0937 75.2166 75.1940 75.1524 75.2115 75.3087 75.2866 75.4025 75.4880 75.5466 75.4862 75.5881 75.6612 76.3980 92.7412 84.2122 95.4736 95.7870 79.9300 88.8250 75.7553 75.8238 79.2076 77.2019 75.9390 76.0535 75.9966 76.0634 75.9624
77.8920 75.8985 76.1638 75.9064 77.5599 86.8653 80.7708 86.3814 83.5743 80.4138 80.0549 80.0660 80.0990 80.0566 80.0772 80.1157 79.9639 84.2645 89.1243 89.0754 83.6452 74.8113 76.8847 76.5314 83.3053 75.0157 79.0326 79.0991 79.0757 79.5616 76.6988 75.9262 80.7947 75.0709 75.0271 78.3924 75.2685 75.2544 75.1390 75.2204 75.1791 75.4581 75.3616 75.3785 75.4885 75.4707 75.5139 75.5442 75.6323 75.7138 90.1541 94.6032 94.4123 95.0449 94.8138 76.2717 75.7810 75.8440 75.9353 78.7840 82.0979 77.5372 79.1711 76.0192 76.0720 75.9679
76.4619 75.9810 77.2047 77.1220 76.3543 86.5757 86.4571 87.9745 84.6880 79.9447 80.0069 80.0553 79.9547 80.0363 80.0510 80.0705 79.9823 82.7398 89.8017 89.1756 80.9929 74.9293 83.3936 84.2842 77.5124 76.5973 79.0084 82.4081 79.3734 78.9578 80.4564 81.6627 83.1591 82.8571 82.5194 79.0118 77.5200 75.3589 75.3781 75.4295 75.5619 75.4042 75.4468 75.3552 75.4263 77.2870 75.4954 75.5900 75.6630 90.6210 90.9937 82.4674 95.4409 95.3655 87.0992 85.4818 75.8014 75.8189 78.3099 79.1905 77.3162 87.5546 80.6060 75.9863 76.0262 75.9863
76.0458 75.9386 75.9687 75.9465 82.7435 87.6228 84.6992 81.9051 82.2167 81.3728 80.0407 79.9127 79.9186 80.0179 80.0109 79.9776 80.0819 81.0200 89.6905 88.8979 74.6992 74.6584 74.5404 81.2900 75.3193 79.2185 79.0170 82.4917 82.4076 82.3869 82.3127 82.3927 84.1201 83.7991 83.5004 83.2392 82.9825 80.7545 79.1953 80.2077 80.7742 75.5550 76.5792 75.4941 75.5572 75.5430 75.5718 75.6117 75.6877 78.8714 89.6935 94.9389 94.5327 84.5472 94.1043 84.0673 75.8528 75.8588 75.9189 76.5261 77.4975 86.3457 86.1478 82.7474 75.9894 75.9215
76.5631 76.0123 76.0088 76.0850 86.2382 87.6282 85.7249 80.0659 80.8006 79.9741 79.9618 79.9457 79.9204 80.0115 79.8782 79.9282 80.0899 89.2212 89.4762 87.7877 76.5936 79.4751 74.8346 75.3704 75.4607 82.3202 82.3222 82.3581 82.3267 82.3081 82.3497 85.1926 85.0212 84.7433 84.4550 84.1819 83.9075 83.5422 83.2961 82.9680 84.6367 77.3995 80.4045 78.2252 75.7437 75.6063 75.5194 75.5887 75.7387 86.9334 78.2574 92.7359 95.3822 91.3821 81.8952 75.8003 75.8874 75.9090 76.0414 76.0363 79.2437 80.3776 86.3525 82.2109 84.7889 82.3880
76.1163 76.1208 76.3644 80.7837 87.1239 88.3276 87.2610 84.3745 79.4613 79.9034 79.8125 79.9218 79.9155 79.9179 79.8416 79.9446 83.9672 88.8368 88.4700 85.0748 74.7728 75.9306 80.7735 75.2692 82.8552 83.7304 84.7993 84.4025 82.3302 82.2958 82.3797 84.3374 84.6149 84.8847 85.0931 85.1319 85.0454 84.5275 84.2427 83.7848 77.8075 82.9808 83.9854 79.5029 76.2070 75.7224 75.5331 75.6200 75.8047 78.7707 90.7696 88.4094 91.2254 80.8665 92.1399 75.8760 75.9732 75.9828 78.3484 78.1230 82.8611 84.3985 85.1950 83.2967 82.0467 77.6185
76.0607 76.1124 75.9839 85.3674 87.3586 87.2641 86.6723 86.7400 79.5085 79.8562 79.6764 80.0265 79.9230 79.8917 79.9315 79.8763 88.5162 89.2546 88.2966 86.0148 74.8142 83.3116 83.8361 78.4368 83.1498 84.0154 84.8417 84.6069 83.5547 82.7590 82.3849 83.3149 83.6647 83.8676 84.2342 84.5509 84.6531 85.0655 85.1346 84.7921 81.9486 75.4785 76.7446 76.3916 76.4609 75.8046 75.7214 75.7230 75.6862 89.9925 88.1389 90.6297 89.1018 93.0516 75.9876 75.8761 75.9711 76.0161 76.0500 80.4098 79.6917 84.2472 76.9019 79.3851 77.3312 76.1756
76.0892 76.2195 83.6093 87.3919 87.3978 88.7945 87.3412 87.4936 79.7873 79.8346 79.8049 79.9238 79.9035 79.7341 79.9459 83.6309 88.8066 89.2813 88.2056 80.2988 74.8781 77.5214 78.3180 79.1639 83.4294 84.3824 85.1819 84.3168 83.3647 80.5541 81.7364 82.0048 82.6148 82.8650 83.2755 83.4164 83.7886 84.1124 84.4006 84.6656 77.4893 77.8498 79.3667 77.9329 76.5302 75.8124 75.7407 75.7811 75.7607 91.7570 85.9299 93.5381 93.9175 85.4897 79.8696 76.2087 75.9786 79.4745 76.0189 75.8980 81.8907 80.0587 75.9846 80.1239 77.9136 76.1214
76.1870 76.1963 81.4617 88.0663 87.9288 88.3961 87.5629 85.8941 79.9176 79.8473 79.9189 79.9760 79.9707 79.7866 79.9170 87.5037 89.1201 88.9513 88.0042 84.3964 74.8301 74.9617 75.1545 82.7635 83.7366 84.6524 84.9553 84.0094 83.0533 80.1222 78.7896 78.7551 78.8299 78.9146 82.4281 82.4769 82.8755 83.1454 83.4464 83.6984 76.5139 77.3975 78.9426 78.6370 76.0465 75.9046 75.8090 75.7829 94.3743 76.0577 80.5573 81.1192 91.7846 87.0308 79.2185 75.9855 76.8421 78.7900 75.9546 81.2004 80.7220 76.0250 75.9731 75.9690 76.3789 79.7946
76.1148 76.8063 81.0575 86.0181 87.1481 88.0842 89.9458 85.3539 79.9373 79.7809 79.9919 79.9784 80.0232 79.8632 79.9536 81.7451 88.5763 88.7199 87.2588 81.3118 74.8243 75.0621 76.9689 83.0223 83.9761 84.8260 84.5906 83.6725 82.7920 77.8361 78.7555 78.7907 78.6874 78.8282 78.8826 78.8196 78.9027 79.1345 82.4412 82.8231 78.2086 78.1515 75.4184 76.1248 76.6497 78.1573 75.8871 77.9398 88.1947 78.2106 96.0467 94.9681 76.3323 92.1231 75.9911 79.6141 79.6132 80.4740 77.2460 79.2813 78.5784 76.0476 79.0907 80.8466 75.9428 78.2390
76.0815 76.0317 77.9755 83.7599 87.6298 87.0613 85.9851 80.6726 80.3719 79.7613 79.9523 79.9169 79.9511 79.7954 79.8144 84.7618 80.5720 86.5832 81.4170 74.9846 83.7001 75.3500 82.3269 83.2680 84.2108 85.1526 84.3492 83.4232 82.4378 75.1042 75.0246 75.1619 76.2111 77.4708 78.7074 78.7933 78.8322 78.8472 78.9322 76.0938 81.1014 77.7347 76.2824 78.9119 87.2003 80.3307 75.9442 80.4715 96.0003 91.7831 79.3182 84.6824 88.9651 91.1317 76.0353 78.8375 79.4261 79.7876 75.9825 82.4729 77.7756 76.1138 83.6394 86.1417 85.3130 85.3450
76.1641 76.0706 85.8943 81.7430 88.3123 87.7100 88.3390 79.9209 79.9339 79.9495 79.9839 79.9178 79.8481 79.8948 79.8148 86.4280 85.7533 81.5093 77.4883 81.9104 83.9644 75.1696 81.4221 83.5582 84.4656 84.9830 84.1029 83.0737 77.9880 75.0562 75.0176 75.0082 75.0989 74.9753 75.1316 77.9430 76.4726 78.7262 78.7817 76.3157 79.3520 78.2007 75.5197 85.5831 86.1679 78.6882 75.9377 84.5878 95.2325 95.4291 80.5847 90.4295 91.9336 83.7313 76.2241 79.9719 79.2024 79.0120 75.8993 75.9474 76.1418 76.1284 80.2301 81.8395 82.7949 85.2381
76.1018 76.1316 85.6746 86.7649 86.0805 86.0498 80.4475 79.9636 79.9401 79.9336 79.9412 79.9240 79.9295 81.7630 84.1734 87.4825 88.7887 86.6527 87.2824 80.4795 83.6600 77.1127 82.9830 83.8760 84.8171 84.6573 83.7632 82.8605 75.2103 75.1126 75.0713 75.0153 74.9982 74.9546 75.0326 75.0782 75.0326 75.1221 75.0927 78.8637 85.9242 85.4438 75.6963 85.5378 85.8930 77.1068 76.1805 92.0808 94.4634 90.1443 95.0177 94.9576 89.8996 76.0521 77.7560 79.9153 79.0523 76.0342 75.9551 75.9891 76.1654 76.1197 76.7253 79.6905 76.1034 83.4794
76.0965 76.1826 86.3773 87.5120 86.1105 80.9629 79.6964 79.9583 79.9316 79.9506 79.9115 80.0190 79.9414 80.4588 78.8706 87.8448 88.3692 87.8712 85.9283 77.6500 75.3733 78.3982 83.2670 84.1916 84.9387 84.3551 83.4623 82.5419 75.1589 75.1289 75.0186 75.0308 75.0215 74.9238 74.9473 74.9971 74.9556 75.0620 75.1435 81.2443 86.0046 82.0878 82.1171 84.3312 75.9281 76.0422 88.1832 93.3334 94.2499 96.0464 94.2974 94.4165 76.1225 76.1584 78.5854 79.6395 78.5314 75.9597 75.9584 76.0847 76.1485 76.2085 76.1763 76.1209 76.1115 76.2205
76.1408 76.2889 85.9079 87.1411 88.2641 87.5803 79.7342 80.0009 79.9651 80.0062 79.9521 79.8983 79.9580 79.8666 78.4462 81.4251 84.8260 81.0377 79.3966 75.6271 77.8547 82.5399 83.5840 84.5335 84.9577 84.1129 83.2387 79.6839 75.0571 75.0352 75.0345 75.0248 74.9870 74.9370 74.9015 74.9666 75.0013 75.0058 75.0489 81.7253 84.3590 83.4763 83.3751 85.0849 76.3652 76.1448 81.0177 87.7548 83.5647 94.1046 93.4112 94.4197 76.1660 76.1836 80.0919 79.9072 77.7440 76.0227 78.5840 85.9961 77.4890 76.1964 76.1432 76.1701 76.2098 76.1588
