urban_model/SVF/LIDARCATv02ls12f484646ed02.asc
ncols 667
nrows 668
xllcorner 483999.000000
yllcorner 4645998.000000
cellsize 3.000000
NODATA_value -9999.0
[rows 420 to 449 of 668, columns 396 to 461 of 667]
87.5989 85.0735 79.6925 79.1716 78.2170 75.6192 75.8014 82.2533 78.9513 75.3549 75.2046 75.2627 75.2367 75.3208 75.2337 75.1429 75.8717 75.0584 75.0201 74.9539 0.0000 0.0000 0.0000 0.0000 0.0000 0.0000 0.0000 0.0000 0.0000 82.0993 82.1525 84.0511 85.3085 85.2838 87.6892 87.7048 87.8249 86.0159 85.7743 89.7905 89.6740 89.6527 89.3919 86.5740 86.2595 87.5879 87.5391 87.5525 85.2194 77.5526 73.6344 74.1067 89.8115 90.5880 91.1010 90.8499 90.7146 90.7023 90.5431 90.3965 90.2962 90.1859 89.9400 89.9280 89.8355 89.6503
88.5428 87.4840 80.0639 79.5250 80.7649 75.4360 82.3012 86.1151 86.5116 86.4844 86.3820 85.9434 75.3546 75.2943 75.2048 75.2013 75.4644 76.2206 76.4014 77.3561 75.7711 0.0000 0.0000 0.0000 0.0000 0.0000 0.0000 0.0000 0.0000 0.0000 76.4756 80.2593 80.5005 79.4115 85.0313 84.9105 85.1719 84.7672 84.8900 87.4357 86.9647 87.0823 86.5583 84.0202 84.2744 87.3365 87.4031 87.4052 84.1238 73.7265 73.7151 73.8419 90.8904 92.0668 92.0015 91.8270 91.7844 91.6164 91.4839 91.3852 91.3563 91.1600 90.9371 90.8957 90.7934 90.5527
87.6086 80.2566 79.4163 79.3581 75.5869 78.3921 85.4361 86.2886 87.2341 88.1369 86.7057 82.9792 75.4336 75.3052 75.2208 85.5618 86.3753 87.3371 86.3679 85.5020 80.6497 76.5701 0.0000 0.0000 0.0000 0.0000 0.0000 0.0000 0.0000 0.0000 0.0000 74.5802 74.4206 74.4191 74.4332 74.4250 74.2388 74.2236 75.2731 83.9842 76.2048 82.1894 85.9913 76.2630 85.5951 84.3010 85.9399 84.0342 84.3404 73.7216 74.7523 73.9318 89.9301 91.2093 91.3756 91.5141 91.6298 91.7623 91.8943 91.9779 92.0899 92.0458 92.2134 91.8796 91.7182 91.5228
82.9942 77.0705 77.0460 77.1954 77.3972 78.5489 80.9034 86.4688 87.3815 87.5512 86.5514 77.3045 76.4183 75.1625 75.5503 85.6423 86.6141 87.4210 86.2387 85.3664 81.2596 83.0722 85.4807 0.0000 0.0000 0.0000 0.0000 0.0000 0.0000 0.0000 0.0000 0.0000 74.4431 78.1131 77.3425 74.8025 74.3382 74.4017 74.5793 74.1405 74.0803 74.0646 73.9745 75.6172 73.9947 78.7503 79.2745 77.4251 83.5633 73.7772 74.0652 73.8338 83.2339 90.3165 90.4014 90.5295 90.6788 90.7915 90.9361 90.9887 91.1275 91.2642 91.3328 91.4078 91.5884 91.6466
77.5151 77.8103 74.7539 74.7008 74.7866 77.7320 78.2239 80.4187 81.1655 81.0165 81.7862 77.3636 80.2850 75.2078 75.2503 85.8375 86.7161 87.5714 86.0704 85.2775 74.3574 84.5039 85.4147 85.4798 0.0000 0.0000 0.0000 0.0000 0.0000 0.0000 0.0000 0.0000 0.0000 84.2439 84.3353 85.2070 83.8752 83.5037 78.0112 81.9743 74.1986 75.5339 74.0396 75.0824 74.0724 73.9568 73.9073 73.8065 73.9044 73.8776 74.1348 73.7938 82.2479 74.9980 88.0781 89.5711 89.6087 87.5459 89.9082 90.0005 90.1587 89.0532 90.4218 90.4906 90.6307 90.7018
75.2162 80.7880 79.5424 74.8014 77.0183 77.6607 79.1998 80.5310 81.3715 80.9511 78.8360 83.9148 78.4747 75.2265 79.3105 83.5968 83.7317 82.8895 76.5838 78.6213 74.2644 81.9112 84.6591 84.7828 84.8204 0.0000 0.0000 0.0000 0.0000 0.0000 0.0000 0.0000 0.0000 0.0000 87.7400 88.3160 87.1669 87.0983 86.8522 85.4596 85.4627 85.4338 85.3819 85.2854 78.2718 83.4134 84.1404 84.1981 79.6079 73.8822 73.6839 73.8189 73.8001 73.6272 73.6208 73.5482 85.8923 85.1713 78.0885 83.9817 83.1791 73.4782 87.0870 89.4943 85.9386 89.8297
77.9793 80.6077 75.0240 78.8951 78.6099 81.8626 85.8257 88.0695 88.8031 80.8239 80.1882 83.4064 77.2182 75.6193 82.9660 83.6572 83.6380 82.7450 74.3360 78.3922 74.1111 83.4584 84.0713 85.0118 84.7675 85.9153 0.0000 0.0000 0.0000 0.0000 0.0000 0.0000 0.0000 0.0000 0.0000 88.0301 87.9745 87.8584 87.3626 86.2749 86.2810 86.2087 86.1085 86.1137 87.3075 87.2310 88.3807 84.4021 84.0807 73.9013 73.7989 73.8879 73.8356 73.7110 73.6142 73.6311 84.7326 86.6413 77.9780 83.3164 82.5424 84.2645 82.5839 84.7680 84.9712 84.5059
77.2028 76.8262 78.4217 75.4591 79.3840 81.2977 85.6476 88.2234 88.5122 87.5060 86.0287 84.9087 80.6784 75.2338 81.5708 88.8946 88.9427 86.9947 82.7657 77.3152 78.0410 78.6216 74.2866 78.2378 79.2675 84.9483 84.0653 0.0000 0.0000 0.0000 0.0000 0.0000 0.0000 0.0000 0.0000 0.0000 87.5788 87.6414 86.9909 86.9509 87.1691 87.0513 86.8318 87.7901 87.9880 88.0480 87.6599 86.2121 75.2116 74.0197 73.9339 73.9407 74.8249 73.8114 73.6726 73.6832 88.8354 89.6217 89.6564 86.2859 78.7421 80.1097 78.3016 79.5045 85.0597 84.7569
77.2574 76.5810 78.7165 77.4961 80.2325 79.7394 85.9477 88.2843 88.3751 87.3269 81.8007 80.2791 76.4443 75.2142 77.4803 89.0435 89.5197 88.3321 79.4885 72.7677 75.3124 75.9560 75.3580 75.8328 78.0091 83.1072 82.9122 85.0549 0.0000 0.0000 0.0000 0.0000 0.0000 0.0000 0.0000 0.0000 0.0000 86.9364 86.1955 86.2705 86.3233 86.5054 86.5886 87.0642 87.2846 88.3521 87.7282 86.3687 81.8267 74.0215 74.5443 73.8856 74.6037 73.8880 73.7330 80.5182 90.2594 90.3857 90.2389 90.2407 90.0965 83.3485 91.6906 91.8842 78.3703 82.0432
77.2109 77.8226 78.1580 74.9965 74.8370 76.8652 85.7474 86.7028 86.8809 86.5495 75.5200 76.8149 75.3059 75.1310 85.5857 89.2152 88.7346 88.1959 82.4482 75.3720 75.3450 75.3028 75.2546 75.2842 76.7968 77.4346 74.0284 78.0037 78.0395 0.0000 0.0000 0.0000 0.0000 0.0000 0.0000 0.0000 0.0000 0.0000 85.3879 85.5097 85.6121 85.7395 85.7121 80.8164 86.8402 87.6566 87.5822 84.9674 83.1121 74.0030 74.3939 73.9777 74.0661 73.9032 73.8250 75.9207 90.4122 91.2306 91.1165 91.0466 90.8933 90.6693 92.0027 91.0843 90.3505 90.3141
78.9128 77.9266 76.6928 74.9309 75.8524 78.7183 85.9408 86.8292 86.6342 85.7812 82.2247 78.7614 75.2566 75.2090 87.3819 88.4088 85.8660 84.9913 86.4050 85.6293 82.5336 82.1936 75.1686 75.2961 77.6631 77.2141 75.8848 77.6508 76.2963 76.3008 0.0000 0.0000 0.0000 0.0000 0.0000 0.0000 0.0000 0.0000 0.0000 79.3516 78.8322 84.6528 85.2046 82.4640 84.8515 87.9475 87.5837 84.8341 76.0284 73.9796 73.8369 73.9632 73.9588 73.9180 73.8619 76.0174 90.4952 91.4238 91.5747 91.5231 91.5473 91.4675 91.5403 91.3490 91.1335 91.0784
75.2181 76.0467 75.6535 80.6900 76.5884 85.1707 86.4083 86.8418 86.7062 85.7780 75.5403 75.2401 75.2600 78.9544 87.4672 87.5413 85.6157 85.7086 86.4009 84.1795 82.4045 82.1700 81.7758 78.7900 74.5872 74.1304 75.1430 77.6351 76.8985 76.5028 76.6310 0.0000 0.0000 0.0000 0.0000 0.0000 0.0000 0.0000 0.0000 0.0000 73.9436 76.0225 74.0871 80.8665 84.6594 87.8038 87.4770 84.2289 74.0738 74.0413 74.0251 74.0239 73.9416 73.9360 73.8955 77.1949 90.4522 90.5624 90.7356 90.7163 90.9008 90.9637 91.0305 91.1652 91.2531 91.3617
75.0139 78.4891 80.9066 78.4666 79.0239 86.8365 88.0238 88.9028 88.0568 87.2134 77.9159 81.1166 75.2373 84.2113 87.5707 85.9263 85.7975 85.7514 86.4675 86.4859 85.8448 82.2187 81.4837 79.6133 75.7153 76.2296 74.6509 77.0295 74.0999 75.2703 76.6934 76.1863 0.0000 0.0000 0.0000 0.0000 0.0000 0.0000 0.0000 0.0000 0.0000 74.4544 73.9493 84.3607 87.2321 87.8692 87.3637 84.2302 74.9466 73.9335 74.0546 74.0786 73.9050 73.9814 73.8835 89.6417 89.0042 89.9554 89.8764 89.9534 90.0838 90.2071 91.7992 90.4069 90.3792 90.4879
85.9051 86.3515 80.7806 80.7948 79.9647 83.5081 88.3062 88.8342 87.8510 84.8861 83.9057 78.5406 75.3622 86.8008 87.7118 86.0033 85.7658 85.8533 86.5898 86.4290 85.7128 79.6254 80.9516 78.3619 76.2528 76.9326 76.9476 76.7959 76.7118 76.6185 74.6910 76.2691 75.9864 0.0000 0.0000 0.0000 0.0000 0.0000 0.0000 0.0000 0.0000 0.0000 75.2673 83.6815 87.5846 88.1484 87.3188 85.6893 74.2005 74.2872 78.8981 74.2386 73.9435 74.1710 73.9400 77.7981 77.8481 78.3991 79.7815 77.8843 80.9227 85.8229 82.8023 87.7667 86.1127 89.7513
88.7356 88.9742 88.7416 85.4608 87.9719 82.3924 84.7183 87.9149 87.7080 86.2613 78.0884 76.5699 75.2762 86.8689 87.8041 85.6338 85.7405 85.9815 86.5987 84.3480 83.1397 79.3760 79.5937 78.4361 77.1817 79.3868 78.1346 79.1698 79.0855 76.1526 76.3885 76.7354 76.3606 76.3229 0.0000 0.0000 0.0000 0.0000 0.0000 0.0000 0.0000 0.0000 0.0000 84.3046 87.2731 87.8351 87.2928 84.6987 74.2286 74.2033 74.0227 74.2076 79.2252 74.2405 74.0076 77.6736 77.6467 77.7845 77.6332 78.1540 77.6283 77.8527 77.9690 77.8045 77.9562 78.0252
88.3908 88.6781 88.7142 88.8019 88.7529 80.9259 84.0288 84.7429 84.1002 79.6074 78.4969 75.4132 75.2884 84.4157 86.8084 86.2718 83.2426 84.9831 85.7056 82.1871 81.8068 79.4448 79.5950 78.4874 78.9419 74.9949 74.3527 76.4584 77.2606 74.7105 75.6286 75.8479 76.0838 76.0636 76.1273 0.0000 0.0000 0.0000 0.0000 0.0000 0.0000 0.0000 0.0000 0.0000 87.4361 87.7873 87.3251 81.8059 74.3162 75.1009 74.1150 74.2406 74.2540 73.9555 73.9763 77.7581 77.7180 77.7674 77.6614 77.6763 77.5941 77.6607 77.7917 77.7226 77.5700 77.8127
87.3889 85.8389 85.6962 85.7511 86.4664 83.2232 84.0274 84.7671 83.9961 78.6164 81.7557 75.4327 75.3690 84.1680 84.3197 84.3495 84.1325 84.0104 83.8874 81.7757 79.2594 78.3322 78.4609 78.4135 79.2246 77.4002 78.7997 76.5163 78.5513 73.8143 73.8293 75.7996 74.0043 73.7980 73.9716 73.6359 0.0000 0.0000 0.0000 0.0000 0.0000 0.0000 0.0000 0.0000 0.0000 88.0303 88.3310 74.3729 74.2926 74.4096 76.5064 76.3766 113.9327 74.0490 74.0486 77.6618 77.6733 78.1922 77.6523 78.4169 77.7563 78.4150 77.7544 77.7204 78.0600 78.3143
87.7466 88.7558 89.4048 77.9380 83.1039 86.8162 81.4031 87.5692 85.0015 78.4918 83.0383 75.4974 76.0347 83.3886 83.4682 83.6527 83.7028 83.9051 83.9371 81.5443 78.8312 77.8963 78.9982 77.7964 78.8383 76.4928 77.8496 76.4937 76.7676 74.3835 73.7803 74.1397 74.9613 74.4649 74.8652 73.6609 73.5430 0.0000 0.0000 0.0000 0.0000 0.0000 0.0000 0.0000 0.0000 0.0000 86.2013 75.5856 74.2614 75.3386 77.2137 75.1927 74.2346 74.0984 74.1210 77.7203 77.7304 77.7133 77.5989 77.7391 77.7082 77.6895 77.6846 77.6862 78.8533 81.5609
88.2854 87.1938 87.6479 85.4206 87.1891 86.4863 86.8516 88.9485 79.0436 75.5338 75.4221 75.4148 77.1233 76.6428 80.6481 81.4957 81.0323 80.8850 81.8612 82.0433 77.4545 78.5275 80.0105 78.3323 74.7413 74.2910 80.1619 79.5907 79.5324 73.8760 73.9043 76.5952 73.9368 74.4339 74.9748 73.6261 73.6286 73.6011 0.0000 0.0000 0.0000 0.0000 0.0000 0.0000 0.0000 0.0000 0.0000 80.1043 74.3501 74.6188 74.8530 74.2639 74.2938 74.1187 76.3910 77.6948 77.9981 79.2501 77.8138 78.3061 77.7133 79.1725 77.6667 78.0299 74.2944 78.5474
85.9671 85.7659 86.9933 86.6030 86.0446 89.6607 87.7537 88.8687 85.8839 75.5588 75.5401 75.4988 76.8877 76.0347 80.7798 82.0690 83.3303 80.6457 80.7548 80.9183 79.1779 91.5837 91.4923 79.4646 77.5581 74.4495 85.7315 83.3489 78.1914 75.2080 76.8274 77.8026 77.5034 77.5235 74.8810 73.9930 73.6473 73.6418 73.7255 0.0000 0.0000 0.0000 0.0000 0.0000 0.0000 0.0000 0.0000 0.0000 77.7872 210.5612 74.1827 74.1776 74.2916 74.2166 77.3630 77.6598 77.7556 77.7775 77.7365 77.6296 77.7593 77.8051 77.7256 73.5294 73.6521 75.8314
75.8410 75.7561 77.8223 88.5009 89.5609 92.2538 83.7866 87.4199 80.4219 75.8857 75.5677 75.5166 80.8597 79.9800 80.8043 81.3951 80.6967 80.6686 80.6911 76.3578 77.3414 92.3185 85.7164 77.1799 74.9058 81.9969 87.2284 87.8985 79.8734 76.4676 78.9978 79.1813 79.0941 78.9468 73.8255 74.8443 76.6960 76.1715 73.8347 73.7981 0.0000 0.0000 0.0000 0.0000 0.0000 0.0000 0.0000 0.0000 0.0000 75.6304 74.2457 74.2260 74.3425 74.2657 75.5528 77.6750 77.7108 77.6552 77.7253 77.6711 77.6663 77.7390 73.6062 73.7009 73.6408 78.1118
75.8802 75.8475 86.4566 87.0525 88.3282 92.7034 92.7937 87.9223 82.2774 75.6524 75.5464 81.0638 86.3171 87.2285 79.3839 82.0593 85.3150 83.6858 86.6527 83.4742 75.6212 91.3450 91.0791 79.4695 79.2712 86.1051 88.5753 87.2492 79.6568 79.6925 79.6313 79.7860 79.7343 79.6290 82.3709 81.5496 77.2169 76.3441 74.4689 73.8420 74.8829 0.0000 0.0000 0.0000 0.0000 0.0000 0.0000 0.0000 0.0000 0.0000 74.8199 74.5969 74.2945 74.3031 77.7841 77.6354 77.6836 77.6484 77.6730 77.7351 77.7370 78.0158 73.6693 73.7517 75.0074 74.6878
75.8760 76.0116 88.3031 88.1229 90.2426 90.0178 89.0160 88.2028 83.9271 77.5052 75.6409 80.4750 85.7770 87.1669 82.9489 86.4629 82.5246 87.0539 88.8063 88.1280 79.7684 89.9514 89.1696 80.4356 80.2319 86.8196 86.8587 87.0852 80.6432 80.3797 80.2482 80.2648 80.2372 81.8383 83.1524 85.4370 85.3520 85.1992 77.4645 77.3199 85.3750 81.2272 0.0000 0.0000 0.0000 0.0000 0.0000 0.0000 0.0000 0.0000 0.0000 74.9245 74.3247 74.3988 76.0586 77.6437 77.7604 77.6254 77.6349 77.7744 77.6519 73.6314 74.0766 74.7284 79.5036 79.3847
75.9614 75.9315 89.9968 89.4100 89.8293 89.8584 89.0434 89.9948 81.4087 81.0563 75.6408 77.9292 80.3608 83.8099 77.9799 81.3477 80.2456 78.0063 88.2439 87.4391 82.2101 87.4828 90.1447 80.1660 80.3495 83.3012 86.5888 86.6777 81.1397 81.1197 80.9375 80.6673 80.5342 82.5485 83.9875 87.4935 87.3540 84.0445 80.1636 84.4353 86.2826 88.1682 88.8720 0.0000 0.0000 0.0000 0.0000 0.0000 0.0000 0.0000 0.0000 0.0000 74.3088 79.5287 88.8333 90.8815 84.9652 90.9470 82.8806 77.6626 74.4100 74.0350 74.6012 78.7679 78.9393 78.8914
76.0265 80.9634 87.1762 86.8826 89.8046 89.8684 87.5977 89.0369 82.3871 76.3249 75.6549 75.5427 76.8387 79.0953 75.6413 75.4790 75.5725 78.7081 84.3369 81.1021 77.0296 80.4876 78.9806 76.8676 79.0536 85.2526 80.2568 86.5455 80.2653 80.3135 80.4606 80.5398 80.7106 82.1302 83.4788 88.3843 88.2844 83.2092 80.9018 85.8364 86.7553 87.8012 88.2272 90.7427 0.0000 0.0000 0.0000 0.0000 0.0000 0.0000 0.0000 0.0000 0.0000 80.2159 91.6110 91.9160 91.8405 91.7477 91.7157 91.5110 91.4259 92.4903 81.0338 82.1860 91.0754 88.4959
79.3008 76.3267 79.8656 86.3474 89.9420 89.9295 89.9877 89.3823 80.0579 79.9674 75.6083 78.1924 78.6132 75.9091 76.4978 76.7451 76.5427 76.1223 75.8596 75.4722 75.3973 75.2535 75.1212 75.1726 75.1757 75.0924 75.0248 74.9312 74.9453 76.0408 76.9792 75.4792 77.1082 81.3954 82.6328 85.0105 84.9505 81.1700 80.5492 85.7390 85.9468 88.5856 88.7006 89.2311 88.8050 0.0000 0.0000 0.0000 0.0000 0.0000 0.0000 0.0000 0.0000 0.0000 91.2853 92.8899 92.8037 92.7131 92.6271 92.3360 92.1741 92.2489 92.1300 92.0381 91.9073 91.8354
76.8640 76.6690 79.2290 87.5709 90.1149 89.8901 86.6900 87.5801 79.1425 76.8246 75.5913 83.3889 83.2857 83.3208 86.0269 86.3349 76.3666 76.1994 92.3049 85.2746 88.4645 85.2558 82.1372 77.5225 75.1335 75.0713 75.2323 75.2713 75.0874 75.0633 75.0572 75.0775 75.0147 74.8715 74.8568 74.7402 74.7161 74.7421 76.0819 80.2306 76.4316 75.4907 85.2760 81.3380 85.9015 84.9372 0.0000 0.0000 0.0000 0.0000 0.0000 0.0000 0.0000 0.0000 0.0000 92.9652 93.0995 93.2308 93.2656 93.2603 93.2878 93.1950 93.0727 93.1294 92.8587 92.7511
76.2199 76.2145 79.4118 86.4161 89.2273 89.0793 87.2311 80.5958 79.1433 75.7657 75.7548 83.1321 83.2909 83.3578 86.6426 86.0800 80.8938 75.7038 91.6551 91.0738 91.1896 87.2871 87.1504 87.0350 82.5653 82.2743 75.6007 79.5273 75.1414 75.6770 74.9718 75.0119 76.3905 74.8836 76.2475 76.5127 74.7518 74.7220 74.7155 74.7038 74.7141 74.7167 74.6486 74.5235 75.0558 79.2287 74.5966 0.0000 0.0000 0.0000 0.0000 0.0000 0.0000 0.0000 0.0000 0.0000 92.1715 92.2877 93.1647 92.5677 92.5504 92.7479 92.9089 92.9489 93.0697 93.3001
76.1119 76.2637 82.5101 86.1819 89.1496 89.1110 86.4160 79.4433 75.8346 75.6986 87.2020 93.9479 97.0767 97.0426 95.3725 91.7389 81.4281 77.0777 91.3821 91.2727 94.0708 88.1892 88.1693 88.0012 83.1538 83.1612 80.3479 80.1936 83.8543 84.5921 84.8559 79.8233 79.6428 81.2173 83.8775 84.1090 77.9329 78.5343 75.8907 75.8155 76.2146 75.2693 75.4998 75.3826 74.7044 74.5304 74.6259 74.6020 0.0000 0.0000 0.0000 0.0000 0.0000 0.0000 0.0000 0.0000 0.0000 88.3920 81.7238 91.6679 91.6953 91.8538 91.4099 92.1172 92.1498 92.5078
88.6873 88.8406 81.6846 87.3814 90.1297 89.0774 86.3987 75.9993 80.7353 75.8618 87.2558 94.2660 96.8244 89.2356 94.1971 96.4473 96.4941 82.2909 91.1818 91.6721 94.1480 85.7367 85.7612 82.5214 82.5971 82.7313 81.1106 80.9838 84.6915 84.6744 85.0771 80.4223 80.3538 82.0127 84.9422 84.8345 79.8661 79.7479 79.6318 79.5706 79.5740 84.0662 86.2389 85.8517 78.2874 79.7618 74.7537 74.6710 74.7140 0.0000 0.0000 0.0000 0.0000 0.0000 0.0000 0.0000 0.0000 0.0000 76.6984 78.5901 81.5680 81.6563 76.6129 86.2904 79.8742 91.3710
