urban_model/SVF/LIDARCATv02ls12f484646ed02.asc
ncols 667
nrows 668
xllcorner 483999.000000
yllcorner 4645998.000000
cellsize 3.000000
NODATA_value -9999.0
[rows 150 to 179 of 668, columns 0 to 65 of 667]
73.2643 72.8401 72.7867 72.7827 72.8307 72.8170 72.8389 72.8119 72.7254 72.6942 72.8303 72.8343 72.6911 72.7004 72.8796 72.7508 72.6796 72.8015 72.7077 72.8399 72.7929 79.1811 80.6632 83.3018 81.1807 76.7337 74.4094 72.6815 72.9901 72.7794 72.8215 72.7890 72.9134 72.7261 73.0240 75.9885 72.9549 73.3307 72.7884 72.8631 73.2449 73.0635 73.0259 73.0558 72.6159 72.5456 72.4641 72.4080 75.3545 82.1406 72.5405 72.4574 72.6569 72.5111 72.5615 72.7443 72.8338 72.8800 72.9987 73.0967 73.2660 73.4210 72.0881 72.0821 72.1771 72.0658
73.1752 72.9011 72.7601 72.7925 72.7539 72.7600 72.7443 72.7634 72.8387 72.8478 72.7454 72.7297 72.6954 72.7714 72.9638 72.8915 72.8053 72.7318 72.7796 72.8181 72.7722 72.8404 76.0494 75.4612 72.7948 72.7286 72.8002 72.8054 72.9148 72.7378 72.7344 72.7605 72.9159 72.7609 73.2425 75.0112 73.0044 73.0849 73.2059 73.3447 73.0151 72.9045 72.7123 72.9764 72.6060 72.5701 72.4770 72.4490 72.4437 77.1277 72.5826 74.5887 72.5744 72.4819 74.2240 72.9268 72.8337 72.9322 73.0682 73.2375 73.3838 73.4376 72.0654 72.1410 72.1373 72.0883
73.1677 73.1047 72.8440 72.7868 72.7294 72.8040 72.7619 72.7548 72.7376 72.7557 72.9187 72.7164 72.8180 72.7862 72.7868 73.0719 72.7931 72.7970 72.7475 72.9581 72.8363 72.7173 75.2928 75.4215 73.4079 74.3133 80.0944 80.2014 75.7576 72.8392 72.8761 72.7291 72.7351 72.6176 73.2296 73.2880 73.0908 73.0562 73.0036 73.0300 72.7082 72.4708 72.5516 72.9165 72.6712 72.4960 75.9595 75.1275 72.4841 72.5286 72.6327 75.4601 72.6407 72.6922 72.6940 72.7977 73.0084 73.1381 77.9908 74.4431 73.4813 73.4736 72.1139 72.1360 72.1213 72.1130
72.9121 74.1757 72.9178 72.7442 72.7465 72.8016 72.7210 72.7406 72.7286 72.7251 72.9618 72.8381 72.8770 72.7225 72.7010 73.1339 72.8659 72.8868 72.7849 75.0604 75.2620 73.2904 73.1563 78.1753 80.1903 79.7625 79.8234 80.3904 79.6850 72.7603 72.8433 72.7155 72.6505 73.2234 73.3158 73.1699 73.1931 73.0460 72.9102 72.5622 72.3907 72.5818 72.4695 74.6798 86.5997 72.5270 72.4384 72.4665 72.4588 76.8155 72.6029 77.2483 72.7421 72.7486 72.8649 72.9387 73.8271 73.4267 75.4822 73.5370 73.2941 73.2768 72.3002 72.2352 72.2218 72.1191
72.9158 73.3278 73.0219 72.9185 72.9872 72.8369 72.7267 72.7512 72.7245 72.9053 72.9714 72.9375 72.9055 72.7315 72.7797 73.0399 74.1257 75.0485 75.3264 75.6455 75.7662 75.7839 72.9759 76.2863 79.6740 80.0591 79.6539 80.3118 79.8148 75.4897 72.7331 73.0914 73.4546 73.3083 76.1471 74.1248 74.3415 72.9769 107.3347 72.4796 72.3626 77.3635 83.6228 75.0430 76.7013 79.7504 75.8487 72.5313 72.5043 73.4901 72.7382 72.7383 72.8069 72.8344 73.1810 73.6703 73.5715 73.4959 73.5297 73.2924 73.2575 73.3011 87.4193 88.9291 80.0851 72.1881
72.8269 73.1706 73.3309 72.9252 72.8675 72.8853 72.9467 72.7446 72.8520 72.7527 72.9159 72.7056 72.8619 72.7400 72.7524 72.8483 75.7054 75.8427 75.7546 75.8686 73.8256 72.8700 72.8687 76.3099 79.3399 80.2148 79.5724 78.3427 73.2598 75.5668 73.6985 73.3791 73.3416 73.4418 73.6703 76.7335 82.2541 72.9949 72.4623 72.4583 72.3358 78.5561 84.9320 78.4853 82.8614 77.5252 72.5907 72.4845 73.8590 74.9319 72.7515 72.7562 72.8753 75.2163 73.2952 73.4082 73.5818 73.4077 73.4281 73.2928 73.6377 86.3063 90.1602 87.7526 79.9740 75.4123
72.8854 72.8628 73.5779 72.9886 73.0355 72.9562 72.9058 72.8767 72.8012 72.9065 72.8057 72.8251 72.8927 72.7565 72.7690 72.7438 75.3846 75.8813 75.9459 75.1766 72.8547 72.8334 72.9704 76.6627 75.8646 73.3763 75.6264 77.4010 77.3325 75.2308 73.3613 73.0153 73.5166 73.2583 72.9336 76.3526 80.0142 72.7764 72.5550 72.4532 72.3353 72.3479 75.5363 73.5973 80.1286 80.9799 72.8581 73.2926 72.7172 72.6209 72.7506 73.1227 73.4906 75.1481 76.6566 76.5861 76.5664 76.6120 76.4620 73.7598 73.3224 85.6985 85.4414 87.4894 82.2100 83.9437
72.8261 72.9342 73.4703 73.0974 73.0026 72.9996 72.9929 72.8835 72.7830 72.9032 72.8894 72.8896 72.8533 72.8983 72.7080 72.7821 74.1419 75.7555 75.8740 75.2151 72.8620 72.8815 72.9350 73.0431 73.2862 77.9554 76.8436 77.3892 73.5653 73.2324 73.1997 73.5759 73.1033 72.8828 72.5487 73.3894 79.7937 79.3947 74.0039 72.4485 72.3229 72.3396 72.4789 72.6358 77.3013 73.8521 73.0952 72.5976 72.6684 72.6312 73.6145 73.1815 73.4834 80.2621 82.7142 82.3622 81.1946 78.3751 78.0541 73.3876 73.4057 81.3100 77.9079 89.7355 85.2986 81.5074
72.7372 73.0766 73.0545 73.4854 72.9948 73.1235 72.9315 72.8523 72.8624 72.9293 72.9527 72.9082 72.8532 72.8827 72.8263 72.7426 72.8507 75.6443 75.8711 83.7345 83.4037 85.0970 74.3241 73.8574 78.3309 76.8068 75.3967 73.4012 73.1188 73.5326 73.1097 72.9536 72.8329 72.8058 72.5501 72.6376 72.6778 83.8762 81.9393 72.3443 72.3467 72.4241 72.4731 72.5535 72.5919 72.6800 72.6822 72.7077 73.2911 73.2785 73.1534 73.3006 73.3273 78.4279 83.2826 83.3536 83.2660 83.2413 83.2005 73.3398 73.6842 73.0756 75.0728 76.0281 87.0014 87.3006
72.7169 73.0790 73.1108 73.4721 73.0881 73.1260 72.9629 72.9132 72.8971 72.9738 72.9854 72.9294 73.0231 73.1154 72.9444 72.7739 72.8424 75.0353 75.4850 81.4747 86.1173 84.0207 85.4880 75.9978 77.0324 73.3923 73.3346 73.4114 73.3081 73.2622 72.7597 72.8157 72.5555 72.8520 72.6288 72.4486 74.2113 76.6149 76.8958 74.1770 72.6530 72.4644 75.0615 72.5508 72.5772 72.6827 72.8604 73.8224 73.3470 73.2342 73.1174 73.1698 73.4252 83.8298 83.9279 83.9751 84.0592 84.0124 83.9527 73.2953 73.3680 73.0744 73.1704 81.2113 79.5848 83.9941
72.8535 73.1015 72.9884 73.2300 73.2861 73.1488 73.1042 73.0015 73.0005 73.0321 73.0270 72.8671 73.1172 73.0839 73.0715 72.9410 83.9645 79.2517 79.8029 83.6190 86.3319 86.9313 85.8115 84.5764 73.2273 73.1686 73.2707 73.2490 73.2207 73.0517 72.6939 72.7574 72.6626 72.5896 72.5746 72.5067 72.5778 80.3658 80.3200 72.4064 75.2087 72.4689 72.5134 72.4894 72.6728 73.2445 73.4624 73.2893 73.2682 73.3487 73.1712 73.3391 73.4559 78.0625 82.9859 83.0825 83.1425 83.1850 83.3582 73.0447 73.2428 73.0674 73.1070 73.1978 88.8850 93.6687
73.0188 72.8453 72.9173 73.3065 73.3711 73.1718 73.1385 73.0725 73.0139 73.0322 73.0874 72.9493 72.8895 73.0627 73.0431 84.0149 85.4286 84.9370 84.9214 82.1147 86.2926 86.5257 85.0160 79.1301 73.2890 73.4610 73.1475 72.7935 73.1149 73.0999 72.9127 72.5698 72.9798 72.6159 72.4854 72.3886 72.5509 72.5257 72.5077 72.6016 72.5311 72.5474 72.6190 72.8383 72.9548 73.0824 73.0964 73.2415 73.2708 73.1044 73.2484 73.1235 73.2693 73.4029 73.4482 73.4272 73.9818 75.6922 77.5963 73.4815 73.1680 73.5493 72.9423 73.0813 77.8027 90.3645
73.1142 72.9548 73.4429 73.2422 73.3069 73.2773 73.1522 73.0500 73.0379 73.0055 72.9321 72.9027 72.9619 73.0272 74.3877 79.9551 79.8109 86.0918 84.6029 76.3985 85.1805 75.9273 78.1924 73.3084 73.1334 73.2452 73.1709 72.7233 72.8035 73.0603 73.2430 72.6635 73.0336 72.6784 72.4820 72.4182 75.7833 77.0672 72.5103 72.5937 72.5509 72.6150 73.1097 72.5409 72.7138 73.0837 73.8233 73.8704 73.0953 73.1319 73.3014 73.0675 73.1420 73.3702 73.2575 73.1229 73.4763 76.0880 77.0440 75.2909 73.0586 73.0826 72.9727 77.0230 73.2683 90.2618
73.4072 73.1877 73.2565 73.3012 73.2311 73.3606 73.2590 73.0843 73.0200 72.8996 72.9658 72.9691 73.0598 73.2364 73.6749 83.0056 85.4653 84.7825 84.0383 73.3096 75.7756 72.8250 72.6565 73.0633 73.1182 72.9564 72.9571 72.7148 72.7728 72.9512 73.2330 72.8635 72.8345 72.8509 72.5162 72.4985 72.5473 72.6000 72.5569 72.7199 72.8489 72.5288 72.5058 72.5514 72.6549 73.5533 74.2619 73.9773 73.2041 73.2024 73.2229 73.2340 73.1195 73.0103 73.0071 73.1335 73.2944 73.1890 76.7819 76.3599 73.1539 73.1283 72.9661 78.0677 73.8792 87.9179
74.4513 76.8885 75.6531 73.1079 73.0541 73.2562 73.3089 73.1064 73.0204 72.9713 72.9974 73.2339 73.8964 73.5152 73.5116 73.3890 83.5464 74.1877 74.6878 72.9056 72.9372 72.6318 72.8777 72.7894 73.0041 73.0301 72.7351 72.7090 72.9421 72.8477 73.1093 73.3257 72.7260 72.5076 72.8023 72.6336 72.4727 72.4590 72.6942 72.9267 72.7458 72.4526 72.5559 72.5556 72.8611 73.5044 73.9059 74.0325 73.2042 73.2490 73.2890 73.2763 73.3865 73.3193 73.0975 73.2883 73.3286 73.4276 75.3792 74.1335 73.2467 73.2090 73.0192 75.4029 77.6129 84.2742
74.3811 76.9234 82.4436 73.1141 73.1983 73.2298 73.1957 73.2723 73.1999 73.3024 73.4097 73.4593 73.2804 73.3030 73.2382 73.2537 72.6756 72.9624 72.7873 72.8257 72.7089 72.8209 73.1590 72.9462 72.7722 72.9331 72.7204 72.8753 72.7120 73.0338 73.2055 73.1535 73.1935 72.7416 72.7304 72.5029 72.5444 72.9981 73.1238 72.3670 72.8204 72.6888 72.5851 72.3152 72.5355 73.1523 73.9085 74.3701 73.0287 73.3555 73.4109 73.1869 73.2824 73.1315 73.2000 73.1786 73.3613 73.3392 74.5440 73.0827 73.2055 73.1917 73.3783 73.4032 81.5755 76.5884
76.1734 77.8614 82.1932 80.2966 80.5615 73.4214 73.3035 73.3587 73.3152 73.3057 73.3122 73.3482 73.2928 73.2310 73.0970 72.7499 72.9800 72.8420 72.8232 73.2995 72.8336 73.1493 73.0469 73.0019 73.0095 73.2149 73.0668 72.8271 72.8760 72.8643 72.9822 73.1026 72.7231 73.0930 72.4712 72.3709 73.0654 72.9776 72.6238 72.4111 72.5023 72.4728 72.3748 72.1934 72.3549 73.0673 73.3412 73.7598 73.1059 73.1502 73.2063 73.1341 73.2042 73.1825 73.1854 73.2971 73.3514 73.4538 74.3575 75.0766 73.0844 73.3764 73.6317 73.6156 75.7021 79.9365
72.8723 80.8043 84.7036 84.9903 84.0972 78.2030 73.2997 73.4133 73.3815 73.4286 73.3756 73.0713 72.6556 72.9641 72.9545 73.0338 73.1828 72.8939 73.1599 72.7369 72.9503 73.1250 73.1063 73.2916 72.6127 72.9713 72.8055 72.9603 72.5804 72.6916 72.8097 72.7787 72.3192 72.3509 72.4107 72.2533 72.6989 72.5179 72.5335 73.5618 76.3862 72.3824 73.6451 72.3906 72.3670 72.7877 73.4029 73.4124 73.4210 73.1623 73.1187 73.1403 73.1352 73.2883 73.3404 73.3120 73.1617 74.7608 80.2996 80.6382 73.1524 73.5336 73.5934 73.3992 73.8388 74.2369
72.9326 81.9512 84.1899 84.0971 83.6465 73.4040 73.2485 73.3786 73.4862 72.9866 73.2850 73.1019 72.9137 72.8438 72.9581 72.7584 73.3280 72.9079 72.9689 72.4282 72.7940 72.9099 72.9727 72.6233 72.7533 73.2163 72.7526 72.5685 72.8297 72.8340 72.6131 72.5142 72.5048 72.9956 72.3895 72.2896 72.5556 72.3824 72.3804 72.1703 74.4440 72.2308 76.1457 73.8099 72.2061 72.8166 73.4182 73.4258 73.5359 73.1438 73.1993 73.1719 73.2839 73.1776 73.2350 73.2366 73.3075 79.2959 80.8807 78.1014 73.3362 73.5142 73.5700 73.6420 76.1502 75.2746
73.1250 77.2798 82.4825 79.6512 74.9430 73.3571 73.3350 72.9786 72.7024 72.9647 73.1088 73.2444 73.0525 72.8203 72.9794 72.8428 72.4422 73.0276 73.1869 72.5916 72.9799 72.7860 73.2023 72.6014 73.1356 72.5031 72.5943 73.1208 73.0861 72.8148 72.4515 72.4016 72.6029 72.8648 72.3582 72.3575 72.5962 72.6459 72.3032 72.3342 72.4276 73.2035 75.5418 76.4041 72.2580 72.5172 73.0952 73.5553 73.9046 73.2235 73.0885 73.1221 73.2376 73.3096 73.1135 73.3070 73.3681 73.3630 76.6984 73.3272 73.5383 73.6369 73.9933 73.6817 74.5264 80.7188
76.4958 76.1939 76.0953 73.6393 73.5387 73.0847 72.7846 72.6112 72.6359 72.9587 72.9987 72.7706 72.6711 72.6749 72.6323 72.4945 73.3405 73.1002 72.6168 72.6099 72.9724 72.7409 73.1116 73.0798 73.1251 72.8560 72.8595 72.6690 72.7864 72.5026 72.3531 72.5078 72.4246 72.5335 72.6614 72.4580 72.4815 72.4513 72.5731 72.3045 72.1278 72.4919 73.1805 74.2483 72.1234 72.2869 73.2771 73.8050 73.4954 73.4014 73.0232 73.3258 73.0536 73.3070 73.1158 73.1448 73.5429 77.2175 77.6346 77.3940 77.0856 73.6630 74.7872 74.2358 82.8234 85.1052
73.3651 73.2385 73.4815 73.6574 73.5979 73.1453 72.9359 72.7920 73.0397 73.2197 72.8354 72.8394 72.6824 73.1184 72.5909 72.5080 72.7285 73.1723 72.6095 72.5703 72.8867 72.3562 72.9860 73.2713 73.1374 72.8196 72.8930 72.9351 73.0653 72.7846 72.7188 72.5433 72.6324 72.9047 73.1218 72.5171 72.4929 72.6282 72.7977 72.4465 72.4595 72.1325 72.3357 72.0668 72.1212 72.1642 73.1880 73.7933 73.5532 73.2788 73.2884 73.2351 73.1198 73.1323 73.1145 80.8303 80.5612 80.5722 80.6310 80.3135 75.7008 76.4440 81.1484 81.5648 79.8996 83.6471
72.6687 72.7371 72.7710 73.1870 73.4856 73.3994 72.8748 72.9859 73.2241 73.2081 73.0919 73.1699 73.2968 72.7255 72.5771 72.8209 72.5260 72.7468 72.5283 72.9585 73.0629 72.9044 72.6632 73.1276 72.6876 73.1161 72.6143 72.6671 72.7651 73.1061 73.3526 73.1824 72.7950 72.7416 72.8551 72.6302 72.6137 72.5243 72.6511 72.5971 72.3654 72.4210 72.1620 72.1858 72.3124 72.0556 72.6182 73.9492 73.6107 73.3006 73.2714 73.2894 75.6625 78.7906 80.4751 81.6351 79.3222 76.7414 77.6541 77.4133 77.5264 74.6673 80.7798 82.6727 79.8312 77.1990
72.6636 72.7214 72.7084 72.8321 73.3659 73.4327 73.1556 72.5087 73.3477 73.1035 73.3989 73.1112 73.0288 72.9363 72.9243 73.0165 72.7621 72.9362 72.8319 73.2562 72.4405 73.1874 73.1390 72.7688 73.0298 72.4858 73.0756 73.2476 72.8625 76.8634 73.1375 73.1209 72.7973 72.9640 72.7468 72.6747 72.7688 72.6522 72.9274 72.8279 72.1292 72.1322 73.8554 72.2914 72.3489 75.5531 72.7031 73.5216 73.7382 73.2973 73.4625 76.0213 77.7655 82.1810 77.9192 77.9500 82.7075 77.2717 78.4187 79.1508 76.8420 71.6084 74.0213 76.3121 73.0835 77.0859
72.6669 72.6861 72.8034 72.6772 73.0297 73.4898 73.4367 72.7604 73.3726 73.1906 73.2888 72.9604 72.8923 72.5760 72.7262 72.9163 72.7508 73.1588 72.8080 73.0571 73.2555 72.9120 73.0381 72.4946 72.6697 72.7577 73.2699 72.7440 72.5309 76.0072 75.0363 73.4362 73.2188 73.0065 73.0345 72.3092 72.7686 72.9408 72.8448 72.7174 72.6733 72.4964 72.8553 72.3411 75.9747 76.7276 77.2327 73.2206 73.5014 73.7908 74.9798 80.2374 78.2930 82.2817 74.8740 81.7055 80.7762 82.6314 81.7180 71.6686 73.5176 77.1359 77.8670 75.1752 74.2468 74.2756
72.7116 72.7459 72.7155 72.7108 72.7103 73.4585 73.3247 73.1142 73.0446 72.8095 72.8854 72.8819 72.5347 72.8407 73.0453 72.7170 72.6750 72.4916 72.8112 72.4471 73.1397 73.1404 72.7988 72.3679 73.0505 73.0989 72.9214 74.7649 76.6232 75.9246 76.8206 73.3025 73.3759 72.9647 72.7190 72.4042 72.8096 72.9639 72.7698 72.6747 72.9116 72.2765 72.3157 72.4615 72.5000 76.3183 77.2703 73.1825 73.9345 74.5366 74.5460 80.5760 81.0230 84.3582 83.2230 80.6160 78.5037 74.4274 74.8160 72.2403 73.7980 74.8389 74.3067 74.3134 74.2724 74.3240
72.7000 72.7078 72.6629 72.6898 72.6314 73.1860 73.4729 73.2940 73.1986 72.7791 72.5573 72.6485 72.5943 72.7943 72.7167 72.7103 72.4163 72.5327 72.7121 72.8387 72.9171 72.8229 72.7816 72.6566 72.6713 72.8852 72.4894 75.4283 72.6511 72.4091 77.9262 76.7398 73.0933 72.8856 72.4661 74.7144 72.7691 72.8641 72.9654 72.6202 73.0347 73.2483 72.4105 72.7919 73.1114 73.2589 73.8607 74.8843 75.1673 73.8330 73.9064 83.7869 82.5824 79.6665 78.7807 74.2785 80.3325 83.0709 76.2410 75.9670 80.2654 77.8195 74.4266 74.3456 74.4249 85.4655
72.6509 72.6338 72.6241 72.7069 72.6401 72.8423 73.4616 73.4845 73.0994 72.7993 72.5430 72.5946 72.4056 72.8700 72.5559 72.9083 72.6558 72.7031 72.6640 72.8417 72.6745 72.2930 72.7462 72.9587 72.7704 72.7673 76.7502 72.8041 73.0528 72.8026 72.8217 72.9297 72.8806 72.7941 72.6105 72.6114 72.5394 73.0832 73.0446 73.0720 72.6993 74.1859 73.3282 73.7396 73.9052 74.2881 73.7950 73.7250 73.8998 73.8437 72.1503 72.2616 78.4637 72.2340 72.8829 73.5486 83.2353 82.1881 76.0028 77.3001 81.7628 74.4506 82.5822 84.9712 91.3416 91.7408
72.5951 72.5820 72.5644 72.6932 72.6180 72.7183 73.3465 73.5030 73.0612 72.6332 72.3640 72.3580 72.2893 72.7600 72.5514 72.5386 72.5437 72.9034 72.6091 72.8793 72.3073 72.3367 72.4618 72.6839 72.3639 72.3139 78.1123 72.7396 72.5965 72.8153 72.7290 72.3499 72.3552 72.6412 72.7204 72.1669 72.5443 75.5764 72.7828 73.2304 72.6425 73.0348 74.5988 75.0285 74.3741 73.8407 73.8516 72.5942 71.7176 72.0746 72.3555 72.0210 75.8697 75.4064 74.6228 74.6796 74.6866 74.6507 74.6276 74.5503 87.2926 77.2984 92.5379 92.0772 92.3931 92.4926
72.5994 72.6105 72.5541 72.5452 72.6257 72.7076 72.9029 73.4229 73.5443 72.4345 72.3128 72.3017 72.2747 72.5501 72.7971 72.5173 72.8674 72.7464 73.0463 72.3240 72.9402 72.5185 73.1388 72.7388 72.4585 72.5770 76.0210 72.6081 72.6542 72.5595 72.2924 72.1325 72.7612 72.3513 72.4707 72.8351 72.6763 72.3883 72.9892 73.4137 73.5644 73.7010 73.8773 73.9624 74.5586 72.5008 71.7916 71.7954 72.6268 73.1185 74.1227 74.4908 74.5764 74.7738 74.8313 74.7901 74.6978 74.7374 74.7061 89.3792 92.4055 92.0083 92.1362 95.3317 94.0661 94.1606
